test 1
data sample size: 6
mean=     132
median=   114
variance= 941.6
std-dev=  30.68550146241707

test 2
data sample size: 6
mean=     132
median=   117.5
variance= 784.6666666666666
std-dev=  28.011902232205983